-1064.46977523
-1064.47667322
-1064.48302819
-1064.48885377
-1064.49416609
-1064.49898979
-1064.50335410
-1064.50728863
-1064.51082450
-1064.51399342
-1064.51682450
-1064.51934343
-1064.52157691
-1064.52355208
-1064.52529010
-1064.52680785
-1064.52812308
-1064.52925357
-1064.53021592
-1064.53102510
-1064.53169309
-1064.53222969
-1064.53264309
-1064.53293861
-1064.53311907
-1064.53318610
-1064.53313992
-1064.53297950
-1064.53270235
-1064.53230253
-1064.53177105
-1064.53109783
-1064.53027204
-1064.52928194
-1064.52811517
-1064.52675735
-1064.52519037
-1064.52339132
-1064.52133438
-1064.51899634
-1064.51635579
-1064.51338681
-1064.51006043
-1064.50634995
-1064.50222749
-1064.49766156
-1064.49262327
-1064.48708634
-1064.48102140
-1064.47440190
-1064.46721518
-1064.45945648
-1064.45111846
-1064.44219509
-1064.43268078
-1064.42255712
-1064.41178718
-1064.40030920
-1064.38801049
-1064.37468749
-1064.36000427
-1064.34345877
-1064.32437061
-1064.30186298
-1064.27487929
-1064.24224143
-1064.20282070
-1064.15575633
-1064.10078401
-1064.03866240
-1063.97166880
-1063.90391835
-1063.84134878
-1063.79106028
-1063.75988184
-1063.75255504
-1063.77025105
-1063.81018165
-1063.86651340
-1063.93210343
-1064.00020896
-1064.06559157
-1064.12491909
-1064.17661228
-1064.22040055
-1064.25685248
-1064.28697768
-1064.31193907
-1064.33286129
-1064.35074037
-1064.36638468
-1064.38039609
-1064.39319420
-1064.40505649
-1064.41616088
-1064.42660771
-1064.43643838
-1064.44566280
-1064.45428581
-1064.46231826
-1064.46977523
-1064.47667322
-1064.48302819
-1064.48885377
-1064.49416609
-1064.49898979
-1064.50335410
-1064.50728863
-1064.51082450
-1064.51399342
-1064.51682450
-1064.51934343
-1064.52157691
-1064.52355208
-1064.52529010
-1064.52680785
-1064.52812308
-1064.52925357
-1064.53021592
-1064.53102510
-1064.53169309
-1064.53222969
-1064.53264309
-1064.53293861
-1064.53311907
-1064.53318610
-1064.53313992
-1064.53297950
-1064.53270235
-1064.53230253
-1064.53177105
-1064.53109783
-1064.53027204
-1064.52928194
-1064.52811517
-1064.52675735
-1064.52519037
-1064.52339132
-1064.52133438
-1064.51899634
-1064.51635579
-1064.51338681
-1064.51006043
-1064.50634995
-1064.50222749
-1064.49766156
-1064.49262327
-1064.48708634
-1064.48102140
-1064.47440190
-1064.46721518
-1064.45945648
-1064.45111846
-1064.44219509
-1064.43268078
-1064.42255712
-1064.41178718
-1064.40030920
-1064.38801049
-1064.37468749
-1064.36000427
-1064.34345877
-1064.32437061
-1064.30186298
-1064.27487929
-1064.24224143
-1064.20282070
-1064.15575633
-1064.10078401
-1064.03866240
-1063.97166880
-1063.90391835
-1063.84134878
-1063.79106028
-1063.75988184
-1063.75255504
-1063.77025105
-1063.81018165
-1063.86651340
-1063.93210343
-1064.00020896
-1064.06559157
-1064.12491909
-1064.17661228
-1064.22040055
-1064.25685248
-1064.28697768
-1064.31193907
-1064.33286129
-1064.35074037
-1064.36638468
-1064.38039609
-1064.39319420
-1064.40505649
-1064.41616088
-1064.42660771
-1064.43643838
-1064.44566280
-1064.45428581
-1064.46231826
